00001 2
00002 3
00003 1
00004 1
00005 1
00006 1
00007 2
00008 3
00009 2
00010 2
00011 2
00012 2
00013 2
00014 2
00015 2
00016 1
00017 3
00018 3
00019 3
00020 3
00021 3
00022 3
00023 2
00024 2
00025 2
00026 2
00027 2
00028 1
00029 1
00030 1
00031 1
00032 1
00033 1
00034 1
00035 1
00036 1
00037 1
00038 1
00039 1
00040 1
00041 1
00042 1
00043 1
00044 1
00045 1
00046 1
00047 1
00048 1
00049 1
00050 1
00051 1
00052 1
00053 1
00054 1
00055 1
00056 1
00057 1
00058 1
00059 1
00060 1
00061 1
00062 1
00063 1
00064 2
00065 2
00066 2
00067 2
00068 2
00069 2
00070 2
00071 2
00072 2
00073 2
00074 2
00075 2
00076 2
00077 2
00078 2
00079 2
00080 2
00081 2
00082 2
00083 2
00084 2
00085 2
00086 2
00087 2
00088 2
00089 3
00090 3
00091 3
00092 3
00093 3
00094 3
00095 3
00096 3
00097 3
00098 3
00099 3
00100 3
00101 3
00102 3
00103 3
00104 3
00105 3
00106 3
00107 3
00108 3
00109 3
00110 3
00111 3
00112 3
00113 3
00114 3
00115 3
00116 3
00117 3
01001 2
